1 stats/zstat1 1119 -2.736 -1.902 -1.145 -1.161 -0.4156 0.4103 0.5806 21 47 40 -43.5 -14.5 32.0
1 stats/zstat2 1119 -0.4103 0.4156 1.145 1.161 1.902 2.736 0.5806 22 50 44 -41.0 -7.0 43.0
2 stats/zstat1 1119 -4.585 -2.63 -1.472 -1.466 -0.3821 1.653 0.9038 26 46 37 -31.0 -17.0 23.8
2 stats/zstat2 1119 -1.653 0.3821 1.472 1.466 2.63 4.585 0.9038 21 43 41 -43.5 -24.5 34.8
3 stats/zstat1 1119 -1.18 0.01161 0.5447 0.5498 1.093 1.869 0.4331 21 47 49 -43.5 -14.5 56.8
3 stats/zstat2 1119 -1.869 -1.093 -0.5447 -0.5498 -0.01161 1.18 0.4331 23 47 37 -38.5 -14.5 23.8
4 stats/zstat1 1119 -3.135 -2.196 -1.186 -1.297 0.04609 2.216 0.8319 22 44 48 -41.0 -22.0 54.0
4 stats/zstat2 1119 -2.216 -0.04609 1.186 1.297 2.196 3.135 0.8319 24 47 45 -36.0 -14.5 45.8
5 stats/zstat1 1119 -2.195 -1.475 -0.3925 -0.4019 0.6849 1.459 0.7997 22 52 42 -41.0 -2.0 37.5
5 stats/zstat2 1119 -1.459 -0.6849 0.3925 0.4019 1.475 2.195 0.7997 18 45 46 -51.0 -19.5 48.5
6 stats/zstat1 1119 -2.815 -1.21 -0.1629 -0.1685 0.796 3.002 0.8224 24 46 37 -36.0 -17.0 23.8
6 stats/zstat2 1119 -3.002 -0.796 0.1629 0.1685 1.21 2.815 0.8224 24 49 39 -36.0 -9.5 29.2
7 stats/zstat1 1119 -2.379 -0.8411 0.3256 0.2546 1.661 3.248 0.9532 24 50 42 -36.0 -7.0 37.5
7 stats/zstat2 1119 -3.248 -1.661 -0.3256 -0.2546 0.8411 2.379 0.9532 21 49 36 -43.5 -9.5 21.0
8 stats/zstat1 1119 -3.931 -1.854 -0.4286 -0.3051 0.8419 2.336 1.046 21 50 36 -43.5 -7.0 21.0
8 stats/zstat2 1119 -2.336 -0.8419 0.4286 0.3051 1.854 3.931 1.046 17 48 47 -53.5 -12.0 51.2
9 stats/zstat1 1119 -1.494 -0.4523 0.2548 0.1879 1.036 2.058 0.5987 27 46 40 -28.5 -17.0 32.0
9 stats/zstat2 1119 -2.058 -1.036 -0.2548 -0.1879 0.4523 1.494 0.5987 19 44 38 -48.5 -22.0 26.5
10 stats/zstat1 1119 -3.967 -1.698 -0.7675 -0.7379 0.1699 1.507 0.7365 20 45 42 -46.0 -19.5 37.5
10 stats/zstat2 1119 -1.507 -0.1699 0.7675 0.7379 1.698 3.967 0.7365 20 52 47 -46.0 -2.0 51.2
11 stats/zstat1 1119 -2.652 -0.4754 0.4579 0.4273 1.401 3.156 0.7486 18 54 43 -51.0 3.0 40.2
11 stats/zstat2 1119 -3.156 -1.401 -0.4579 -0.4273 0.4754 2.652 0.7486 24 45 36 -36.0 -19.5 21.0
12 stats/zstat1 1119 -1.524 -0.8914 -0.176 -0.2573 0.6806 1.665 0.6168 18 45 36 -51.5 -20.0 20.5
12 stats/zstat2 1119 -1.665 -0.6806 0.176 0.2573 0.8914 1.524 0.6168 23 44 44 -39.0 -22.5 42.5
13 stats/zstat1 1119 -2.737 -1.281 -0.08203 -0.1302 1.199 3.588 0.964 22 44 36 -41.5 -22.5 20.5
13 stats/zstat2 1119 -3.588 -1.199 0.08203 0.1302 1.281 2.737 0.964 21 50 37 -44.0 -7.5 23.2
14 stats/zstat1 1119 -2.007 -0.9519 -0.1679 -0.1936 0.6596 1.615 0.6123 21 50 37 -44.0 -7.5 23.2
14 stats/zstat2 1119 -1.615 -0.6596 0.1679 0.1936 0.9519 2.007 0.6123 22 45 42 -41.5 -20.0 37.0
15 stats/zstat1 1119 -2.983 -1.593 -0.5031 -0.5372 0.6084 2.664 0.8857 23 52 42 -38.5 -2.0 37.5
15 stats/zstat2 1119 -2.664 -0.6084 0.5031 0.5372 1.593 2.983 0.8857 22 47 36 -41.0 -14.5 21.0
16 stats/zstat1 1119 -2.683 -0.8765 0.2215 0.1398 1.525 4.141 0.9734 24 50 49 -36.0 -7.0 56.8
16 stats/zstat2 1119 -4.141 -1.525 -0.2215 -0.1398 0.8765 2.683 0.9734 27 44 40 -28.5 -22.0 32.0
17 stats/zstat1 1119 -3.966 -2.263 -1.167 -1.159 -0.1308 2.004 0.8556 23 50 38 -38.5 -7.0 26.5
17 stats/zstat2 1119 -2.004 0.1308 1.167 1.159 2.263 3.966 0.8556 18 46 45 -51.0 -17.0 45.8
18 stats/zstat1 1119 -1.018 -0.351 0.292 0.2525 1.04 2.351 0.5356 21 50 38 -44.0 -7.5 26.0
18 stats/zstat2 1119 -2.351 -1.04 -0.292 -0.2525 0.351 1.018 0.5356 24 45 49 -36.5 -20.0 56.2
19 stats/zstat1 1119 -2.432 -1.001 0.31 0.2014 1.801 4.293 1.09 18 51 37 -51.0 -4.5 23.8
19 stats/zstat2 1119 -4.293 -1.801 -0.31 -0.2014 1.001 2.432 1.09 19 44 46 -48.5 -22.0 48.5
20 stats/zstat1 1119 -3.783 -0.8317 0.2502 0.2985 1.322 3.551 0.8861 27 41 43 -28.5 -29.5 40.2
20 stats/zstat2 1119 -3.551 -1.322 -0.2502 -0.2985 0.8317 3.783 0.8861 20 44 37 -46.0 -22.0 23.8
21 stats/zstat1 1119 -2.785 -1.29 -0.106 -0.06513 0.9755 3.207 0.8952 20 51 37 -46.0 -4.5 23.8
21 stats/zstat2 1119 -3.207 -0.9755 0.106 0.06513 1.29 2.785 0.8952 19 47 41 -48.5 -14.5 34.8
22 stats/zstat1 1119 -1.643 -0.6193 0.4249 0.5126 1.285 2.543 0.7308 18 53 41 -51.0 0.5 34.8
22 stats/zstat2 1119 -2.543 -1.285 -0.4249 -0.5126 0.6193 1.643 0.7308 22 46 39 -41.0 -17.0 29.2
23 stats/zstat1 1119 0.1609 1.225 2.171 2.207 3.037 4.04 0.697 19 47 40 -48.5 -14.5 32.0
23 stats/zstat2 1119 -4.04 -3.037 -2.171 -2.207 -1.225 -0.1609 0.697 22 46 45 -41.0 -17.0 45.8
24 stats/zstat1 1119 -2.315 -0.5385 0.9232 0.8859 2.389 4.047 1.11 18 51 39 -51.0 -4.5 29.2
24 stats/zstat2 1119 -4.047 -2.389 -0.9232 -0.8859 0.5385 2.315 1.11 17 45 40 -53.5 -19.5 32.0
25 stats/zstat1 1119 -1.904 -0.5745 0.4895 0.3635 1.742 3.965 0.9171 22 46 41 -41.0 -17.0 34.8
25 stats/zstat2 1119 -3.965 -1.742 -0.4895 -0.3635 0.5745 1.904 0.9171 19 45 38 -48.5 -19.5 26.5
26 stats/zstat1 1119 -1.5 -0.2672 0.911 0.8904 2.017 4.664 0.9205 23 51 47 -38.5 -4.5 51.2
26 stats/zstat2 1119 -4.664 -2.017 -0.911 -0.8904 0.2672 1.5 0.9205 27 42 41 -28.5 -27.0 34.8
27 stats/zstat1 1119 -2.498 -0.9664 0.7133 0.7678 2.261 4.054 1.239 23 46 41 -38.5 -17.0 34.8
27 stats/zstat2 1119 -4.054 -2.261 -0.7133 -0.7678 0.9664 2.498 1.239 26 43 40 -31.0 -24.5 32.0
1 stats/zstat1 1119 -0.511 0.8505 1.906 1.919 2.918 4.235 0.8106 17 45 41 -53.5 -19.5 34.8
1 stats/zstat2 1119 -4.235 -2.918 -1.906 -1.919 -0.8505 0.511 0.8106 21 48 36 -43.5 -12.0 21.0
28 stats/zstat1 1119 -0.5171 0.7552 1.602 1.656 2.381 3.375 0.6344 26 44 39 -31.0 -22.0 29.2
28 stats/zstat2 1119 -3.375 -2.381 -1.602 -1.656 -0.7552 0.5171 0.6344 24 46 45 -36.0 -17.0 45.8
29 stats/zstat1 1119 -3.907 -1.385 -0.2136 -0.1513 0.8773 2.537 0.8756 23 44 40 -38.5 -22.0 32.0
29 stats/zstat2 1119 -2.537 -0.8773 0.2136 0.1513 1.385 3.907 0.8756 25 42 38 -33.5 -27.0 26.5
